[array([0.954247, 0.11312 ]), array([0.695541, 0.285741]), array([7.93210e-01, 8.81013e-01, 5.00000e-06]), array([0.405747, 0.443796, 0.396796, 0.422498]), array([0.165197, 0.148072, 0.999973, 0.999843]), array([0.425356, 0.161169, 0.642988, 0.977106, 0.031569]), array([0.704862, 0.573289, 0.162494, 0.180409, 0.609877, 0.733604]), array([0.082199, 0.190502, 0.065975, 0.003631, 0.993937, 0.866658,
       0.176742, 0.943214])]
[array([0.699346, 0.211195]), array([0.677308, 0.999571]), array([0.488692, 0.361494, 0.577569]), array([0.413992, 0.381357, 0.374244, 0.431881]), array([0.153504, 0.853605, 0.994523, 0.995505]), array([0.525122, 0.335232, 0.41736 , 0.967441, 0.055639]), array([0.00637 , 0.435995, 0.244414, 0.206447, 0.376655, 0.710229]), array([0.194054, 0.189417, 0.182112, 0.029467, 0.966113, 0.410462,
       0.099963, 0.201781])]
[array([0.920079, 0.34491 ]), array([0.727713, 0.99995 ]), array([0.834154, 0.999967, 0.396133]), array([0.445051, 0.425571, 0.276212, 0.452831]), array([0.938944, 0.995487, 0.987628, 0.993715]), array([0.432985, 0.234285, 0.989459, 0.984384, 0.200836]), array([0.026251, 0.873452, 0.171084, 0.169601, 0.332846, 0.734074]), array([0.181709, 0.201183, 0.184406, 0.111765, 0.960071, 0.488802,
       0.220703, 0.621292])]
[array([0.547189, 0.431178]), array([0.779691, 0.908426]), array([0.517714, 0.00126 , 0.527104]), array([0.390099, 0.360768, 0.407728, 0.456908]), array([0.996381, 0.948229, 0.998417, 0.56292 ]), array([0.485519, 0.174154, 0.628079, 0.68321 , 0.008467]), array([0.049705, 0.365055, 0.220928, 0.111585, 0.345426, 0.841939]), array([0.127445, 0.067988, 0.063225, 0.212986, 0.972987, 0.245592,
       0.246954, 0.500825])]
[array([0.381044, 0.225364]), array([0.707367, 0.997617]), array([0.948398, 0.007477, 0.634146]), array([0.394442, 0.419777, 0.391871, 0.4057  ]), array([0.992346, 0.790478, 0.995626, 0.984947]), array([1.38776e-01, 3.62740e-02, 3.23918e-01, 9.84467e-01, 7.92000e-04]), array([0.026855, 0.336692, 0.150031, 0.236104, 0.346381, 0.68695 ]), array([0.083142, 0.036214, 0.262252, 0.170357, 0.996714, 0.458724,
       0.212935, 0.133887])]
[array([0.769445, 0.532377]), array([0.949311, 0.024246]), array([0.542183, 0.00095 , 0.085508]), array([0.394446, 0.419785, 0.391777, 0.405643]), array([0.938892, 0.995636, 0.987597, 0.993657]), array([0.567727, 0.001578, 0.633092, 0.86532 , 0.001211]), array([0.041286, 0.269803, 0.843895, 0.204966, 0.286597, 0.649856]), array([0.323217, 0.095689, 0.252034, 0.133365, 0.995578, 0.174306,
       0.247841, 0.017181])]
[array([0.980183, 0.008338]), array([9.0000e-06, 8.8103e-01]), array([0.230828, 0.039407, 0.302575]), array([0.469835, 0.386247, 0.418975, 0.390149]), array([0.998362, 0.989072, 0.998322, 0.948742]), array([0.35604 , 0.005886, 0.973747, 0.050653, 0.039389]), array([0.005847, 0.290521, 0.54847 , 0.353203, 0.358315, 0.659682]), array([0.113053, 0.011762, 0.049282, 0.95601 , 0.991458, 0.541621,
       0.00174 , 0.953145])]
[array([0.967301, 0.955105]), array([0.030964, 0.003201]), array([0.822562, 0.99866 , 0.049168]), array([0.472557, 0.398469, 0.362087, 0.382374]), array([0.994529, 0.990298, 0.490647, 0.979726]), array([0.445507, 0.069481, 0.997935, 0.359852, 0.022456]), array([0.009075, 0.189782, 0.925435, 0.360851, 0.382262, 0.835722]), array([0.053412, 0.142054, 0.164576, 0.177195, 0.9447  , 0.551571,
       0.128075, 0.906965])]
[array([0.805222, 0.992647]), array([0.698263, 0.724537]), array([0.895178, 0.972814, 0.859855]), array([0.439838, 0.419336, 0.528926, 0.347784]), array([5.11500e-02, 3.09260e-02, 7.50000e-05, 9.97616e-01]), array([4.92008e-01, 3.19962e-01, 5.04919e-01, 9.98765e-01, 5.93000e-04]), array([0.011003, 0.225456, 0.349341, 0.367514, 0.383129, 0.635435]), array([0.105446, 0.32478 , 0.029717, 0.388978, 0.974119, 0.534538,
       0.205712, 0.954868])]
[array([0.119788, 0.796787]), array([0.026096, 0.999836]), array([0.184491, 0.996177, 0.087911]), array([0.40321 , 0.428062, 0.400982, 0.424427]), array([0.049282, 0.019065, 0.039273, 0.021478]), array([4.92008e-01, 3.19962e-01, 5.04919e-01, 9.98765e-01, 5.93000e-04]), array([0.014994, 0.277081, 0.026879, 0.351778, 0.32457 , 0.620372]), array([0.001229, 0.089581, 0.138262, 0.565621, 0.936445, 0.531831,
       0.06551 , 0.394982])]