[array([0.954247, 0.11312 ]), array([0.695541, 0.285741]), array([7.93210e-01, 8.81013e-01, 5.00000e-06]), array([0.405747, 0.443796, 0.396796, 0.422498]), array([0.165197, 0.148072, 0.999973, 0.999843]), array([0.425356, 0.161169, 0.642988, 0.977106, 0.031569]), array([0.704862, 0.573289, 0.162494, 0.180409, 0.609877, 0.733604]), array([0.082199, 0.190502, 0.065975, 0.003631, 0.993937, 0.866658,
       0.176742, 0.943214])]
[array([0.699346, 0.211195]), array([0.677308, 0.999571]), array([0.488692, 0.361494, 0.577569]), array([0.413992, 0.381357, 0.374244, 0.431881]), array([0.153504, 0.853605, 0.994523, 0.995505]), array([0.525122, 0.335232, 0.41736 , 0.967441, 0.055639]), array([0.00637 , 0.435995, 0.244414, 0.206447, 0.376655, 0.710229]), array([0.194054, 0.189417, 0.182112, 0.029467, 0.966113, 0.410462,
       0.099963, 0.201781])]
[array([0.920079, 0.34491 ]), array([0.727713, 0.99995 ]), array([0.834154, 0.999967, 0.396133]), array([0.445051, 0.425571, 0.276212, 0.452831]), array([0.938944, 0.995487, 0.987628, 0.993715]), array([0.432985, 0.234285, 0.989459, 0.984384, 0.200836]), array([0.026251, 0.873452, 0.171084, 0.169601, 0.332846, 0.734074]), array([0.181709, 0.201183, 0.184406, 0.111765, 0.960071, 0.488802,
       0.220703, 0.621292])]
[array([0.547189, 0.431178]), array([0.779691, 0.908426]), array([0.517714, 0.00126 , 0.527104]), array([0.390099, 0.360768, 0.407728, 0.456908]), array([0.996381, 0.948229, 0.998417, 0.56292 ]), array([0.485519, 0.174154, 0.628079, 0.68321 , 0.008467]), array([0.049705, 0.365055, 0.220928, 0.111585, 0.345426, 0.841939]), array([0.127445, 0.067988, 0.063225, 0.212986, 0.972987, 0.245592,
       0.246954, 0.500825])]
[array([0.381044, 0.225364]), array([0.707367, 0.997617]), array([0.948398, 0.007477, 0.634146]), array([0.394442, 0.419777, 0.391871, 0.4057  ]), array([0.992346, 0.790478, 0.995626, 0.984947]), array([1.38776e-01, 3.62740e-02, 3.23918e-01, 9.84467e-01, 7.92000e-04]), array([0.026855, 0.336692, 0.150031, 0.236104, 0.346381, 0.68695 ]), array([0.083142, 0.036214, 0.262252, 0.170357, 0.996714, 0.458724,
       0.212935, 0.133887])]
[array([0.769445, 0.532377]), array([0.949311, 0.024246]), array([0.542183, 0.00095 , 0.085508]), array([0.394446, 0.419785, 0.391777, 0.405643]), array([0.938892, 0.995636, 0.987597, 0.993657]), array([0.567727, 0.001578, 0.633092, 0.86532 , 0.001211]), array([0.041286, 0.269803, 0.843895, 0.204966, 0.286597, 0.649856]), array([0.323217, 0.095689, 0.252034, 0.133365, 0.995578, 0.174306,
       0.247841, 0.017181])]